--totals	1306	 5608	 5608	 06	 
--totals	1455	 6317	 6317	 06	 
--totals	1587	 7005	 7005	 06	 
--totals	1673	 7619	 7619	 06	 
--totals	1751	 8141	 8141	 06	 
--totals	69	 8553	 8553	 05	 
--totals	-1648	 8666	 8666	 04	 
--totals	-2603	 7913	 7913	 03	 
--totals	-1766	 7092	 7092	 03	 
--totals	-1092	 6450	 6450	 03	 
--totals	-423	 6131	 6131	 04	 
--totals	85	 6181	 6181	 05	 
--totals	248	 6488	 6488	 05	 
--totals	322	 6914	 6914	 05	 
--totals	330	 7356	 7356	 05	 
--totals	302	 7778	 7778	 05	 
--totals	306	 8124	 8124	 05	 
--totals	252	 8462	 8462	 05	 
--totals	207	 8739	 8739	 05	 
--totals	-1766	 8984	 8984	 04	 
--totals	-922	 8162	 8162	 04	 
--totals	-454	 7752	 7752	 04	 
--totals	-368	 7714	 7714	 04	 
--totals	-374	 7776	 7776	 04	 
--totals	-2100	 7816	 7816	 03	 
--totals	-3148	 7058	 7058	 02	 
--totals	-2138	 6172	 6172	 03	 
--totals	-1390	 5472	 5472	 03	 
--totals	-928	 5084	 5084	 03	 
--totals	-246	 4882	 4882	 04	 
--totals	-80	 4986	 4986	 04	 
--totals	509	 5291	 5291	 05	 
--totals	493	 5841	 5841	 05	 
--totals	489	 6403	 6403	 05	 
--totals	479	 6935	 6935	 05	 
--totals	412	 7386	 7386	 05	 
--totals	372	 7774	 7774	 05	 
--totals	-1662	 8142	 8142	 04	 
--totals	-843	 7357	 7357	 04	 
--totals	-477	 7049	 7049	 04	 
--totals	-302	 6992	 6992	 04	 
--totals	-1885	 7063	 7063	 03	 
--totals	-1201	 6411	 6411	 03	 
--totals	-2467	 6089	 6089	 02	 
--totals	-1552	 5294	 5294	 03	 
--totals	-2666	 4848	 4848	 02	 
--totals	-1753	 4075	 4075	 03	 
--totals	-1047	 3571	 3571	 04	 
--totals	-572	 3354	 3354	 04	 
--totals	-303	 3409	 3409	 04	 
--totals	-118	 3566	 3566	 04	 
--totals	406	 3834	 3834	 05	 
--totals	1096	 4364	 4364	 06	 
--totals	1316	 5126	 5126	 06	 
--totals	-529	 5849	 5849	 05	 
--totals	-142	 5696	 5696	 05	 
--totals	41	 5913	 5913	 05	 
--totals	131	 6197	 6197	 05	 
--totals	160	 6530	 6530	 05	 
--totals	176	 6852	 6852	 05	 
--totals	202	 7156	 7156	 05	 
--totals	244	 7432	 7432	 05	 
--totals	-1355	 7725	 7725	 04	 
--totals	-2299	 7137	 7137	 03	 
--totals	-3204	 6428	 6428	 02	 
--totals	-2366	 5598	 5598	 02	 
--totals	-1651	 4905	 4905	 02	 
--totals	-2794	 4430	 4430	 01	 
--totals	-1966	 3680	 3680	 02	 
--totals	-1228	 3160	 3160	 03	 
--totals	-767	 2857	 2857	 03	 
--totals	-534	 2836	 2836	 03	 
--totals	69	 2859	 2859	 04	 
--totals	-1628	 3296	 3296	 03	 
--totals	-749	 2715	 2715	 04	 
--totals	-441	 2703	 2703	 04	 
--totals	150	 2866	 2866	 05	 
--totals	267	 3351	 3351	 05	 
--totals	358	 3844	 3844	 05	 
--totals	459	 4381	 4381	 05	 
--totals	477	 4963	 4963	 05	 
--totals	475	 5531	 5531	 05	 
--totals	441	 6039	 6039	 05	 
--totals	425	 6529	 6529	 05	 
--totals	408	 6926	 6926	 05	 
--totals	381	 7327	 7327	 05	 
--totals	389	 7687	 7687	 05	 
--totals	305	 8067	 8067	 05	 
--totals	-1476	 8362	 8362	 04	 
--totals	-765	 7707	 7707	 04	 
--totals	-2157	 7425	 7425	 03	 
--totals	-1361	 6643	 6643	 03	 
--totals	-637	 6167	 6167	 04	 
--totals	-288	 6048	 6048	 04	 
--totals	-220	 6218	 6218	 04	 
--totals	-187	 6401	 6401	 04	 
--totals	-180	 6582	 6582	 04	 
--totals	-190	 6768	 6768	 04	 
--totals	-132	 6884	 6884	 04	 
--totals	-221	 7123	 7123	 04	 
--totals	-2120	 7282	 7282	 03	 
--totals	-3197	 6483	 6483	 02	 
--totals	-2281	 5573	 5573	 02	 
--totals	-1575	 4881	 4881	 02	 
--totals	-839	 4407	 4407	 03	 
--totals	-599	 4287	 4287	 03	 
--totals	-436	 4282	 4282	 03	 
--totals	-2302	 4396	 4396	 02	 
--totals	-1460	 3562	 3562	 02	 
--totals	-792	 3126	 3126	 03	 
--totals	-344	 3018	 3018	 04	 
--totals	-170	 3190	 3190	 04	 
--totals	-41	 3459	 3459	 04	 
--totals	-33	 3865	 3865	 04	 
--totals	49	 4163	 4163	 04	 
--totals	45	 4529	 4529	 04	 
--totals	05	 4897	 4897	 04	 
--totals	-13	 5201	 5201	 04	 
--totals	-5	 5483	 5483	 04	 
--totals	-1802	 5784	 5784	 03	 
--totals	-1119	 5153	 5153	 03	 
--totals	-746	 4884	 4884	 03	 
--totals	-534	 4776	 4776	 03	 
--totals	-408	 4770	 4770	 03	 
--totals	-398	 4878	 4878	 03	 
--totals	-444	 5030	 5030	 03	 
--totals	132	 5074	 5074	 04	 
--totals	-3	 5495	 5495	 04	 
--totals	-70	 5858	 5858	 04	 
--totals	-170	 6166	 6166	 04	 
--totals	-113	 6323	 6323	 04	 
--totals	-113	 6525	 6525	 04	 
--totals	-120	 6676	 6676	 04	 
--totals	-167	 6895	 6895	 04	 
--totals	-218	 7082	 7082	 04	 
--totals	-241	 7227	 7227	 04	 
--totals	-232	 7322	 7322	 04	 
--totals	-214	 7392	 7392	 04	 
--totals	-213	 7487	 7487	 04	 
--totals	-266	 7616	 7616	 04	 
--totals	-1981	 7687	 7687	 03	 
--totals	-3192	 7010	 7010	 02	 
--totals	-2155	 6103	 6103	 03	 
--totals	-1466	 5464	 5464	 03	 
--totals	-927	 4979	 4979	 03	 
--totals	-625	 4795	 4795	 03	 
--totals	-2387	 4749	 4749	 02	 
--totals	-1540	 3914	 3914	 02	 
--totals	-1031	 3435	 3435	 02	 
--totals	-575	 3215	 3215	 03	 
--totals	-394	 3244	 3244	 03	 
--totals	151	 3355	 3355	 04	 
--totals	111	 3805	 3805	 04	 
--totals	52	 4248	 4248	 04	 
--totals	13	 4627	 4627	 04	 
--totals	-14	 4968	 4968	 04	 
--totals	-26	 5296	 5296	 04	 
--totals	-7	 5579	 5579	 04	 
--totals	-46	 5868	 5868	 04	 
--totals	-99	 6131	 6131	 04	 
--totals	-101	 6375	 6375	 04	 
--totals	-79	 6549	 6549	 04	 
--totals	-161	 6821	 6821	 04	 
--totals	-231	 7053	 7053	 04	 
--totals	-1957	 7187	 7187	 03	 
--totals	-1222	 6480	 6480	 03	 
--totals	-784	 6074	 6074	 03	 
--totals	-2213	 5895	 5895	 02	 
--totals	-1493	 5183	 5183	 02	 
--totals	-3004	 4740	 4740	 01	 
--totals	-1889	 3835	 3835	 02	 
--totals	-1185	 3243	 3243	 03	 
--totals	-759	 2971	 2971	 03	 
--totals	-229	 2975	 2975	 04	 
--totals	-84	 3218	 3218	 04	 
--totals	391	 3571	 3571	 05	 
--totals	495	 4125	 4125	 05	 
--totals	483	 4715	 4715	 05	 
--totals	492	 5288	 5288	 05	 
--totals	466	 5778	 5778	 05	 
--totals	446	 6294	 6294	 05	 
--totals	412	 6816	 6816	 05	 
--totals	-1510	 7262	 7262	 04	 
--totals	-778	 6600	 6600	 04	 
--totals	-463	 6415	 6415	 04	 
--totals	-278	 6354	 6354	 04	 
--totals	303	 6465	 6465	 05	 
--totals	-1232	 6930	 6930	 04	 
--totals	-620	 6430	 6430	 04	 
--totals	-2076	 6352	 6352	 03	 
--totals	-1344	 5676	 5676	 03	 
--totals	-2514	 5230	 5230	 02	 
--totals	-1411	 4449	 4449	 03	 
--totals	-2548	 4010	 4010	 02	 
--totals	-1777	 3277	 3277	 02	 
--totals	-1097	 2771	 2771	 03	 
--totals	-601	 2585	 2585	 04	 
--totals	-382	 2706	 2706	 04	 
--totals	219	 2899	 2899	 05	 
--totals	372	 3398	 3398	 05	 
--totals	492	 3976	 3976	 05	 
--totals	537	 4551	 4551	 05	 
--totals	560	 5142	 5142	 05	 
--totals	511	 5731	 5731	 05	 
--totals	-1088	 6202	 6202	 04	 
--totals	-558	 5850	 5850	 04	 
--totals	-341	 5849	 5849	 04	 
--totals	231	 5939	 5939	 05	 
--totals	332	 6398	 6398	 05	 
--totals	379	 6847	 6847	 05	 
--totals	-1317	 7307	 7307	 04	 
--totals	-657	 6719	 6719	 04	 
--totals	-359	 6579	 6579	 04	 
--totals	-234	 6620	 6620	 04	 
--totals	-195	 6729	 6729	 04	 
--totals	-248	 6940	 6940	 04	 
--totals	-2027	 7075	 7075	 03	 
--totals	-3074	 6378	 6378	 02	 
--totals	-2206	 5516	 5516	 02	 
--totals	-1230	 4888	 4888	 03	 
--totals	-732	 4498	 4498	 03	 
--totals	-301	 4427	 4427	 04	 
--totals	248	 4526	 4526	 05	 
--totals	367	 4985	 4985	 05	 
--totals	434	 5500	 5500	 05	 
--totals	464	 6062	 6062	 05	 
--totals	435	 6593	 6593	 05	 
--totals	419	 7057	 7057	 05	 
--totals	384	 7510	 7510	 05	 
--totals	346	 7900	 7900	 05	 
--totals	-1311	 8249	 8249	 04	 
--totals	-656	 7680	 7680	 04	 
--totals	-2258	 7468	 7468	 03	 
--totals	-1439	 6669	 6669	 03	 
--totals	-885	 6147	 6147	 03	 
--totals	-2320	 5926	 5926	 02	 
--totals	-1520	 5136	 5136	 02	 
--totals	-1039	 4663	 4663	 02	 
--totals	-2737	 4431	 4431	 01	 
--totals	-3529	 3529	 3529	 00	 
--totals	-2605	 2653	 2653	 01	 
--totals	-1880	 2028	 2028	 02	 
--totals	-1320	 1622	 1622	 03	 
--totals	-579	 1439	 1439	 04	 
--totals	-60	 1526	 1526	 05	 
--totals	135	 1973	 1973	 05	 
--totals	250	 2498	 2498	 05	 
--totals	800	 3046	 3046	 06	 
--totals	1005	 3733	 3733	 06	 
--totals	1167	 4465	 4465	 06	 
--totals	1317	 5213	 5213	 06	 
--totals	1480	 5892	 5892	 06	 
--totals	1602	 6544	 6544	 06	 
--totals	1655	 7157	 7157	 06	 
--totals	1729	 7647	 7647	 06	 
--totals	131	 8093	 8093	 05	 
--totals	-1515	 8257	 8257	 04	 
--totals	-2475	 7583	 7583	 03	 
--totals	-1663	 6797	 6797	 03	 
--totals	-1060	 6226	 6226	 03	 
--totals	-2454	 5928	 5928	 02	 
--totals	-1675	 5159	 5159	 02	 
--totals	-1172	 4676	 4676	 02	 
--totals	-543	 4361	 4361	 03	 
--totals	-72	 4324	 4324	 04	 
--totals	-36	 4616	 4616	 04	 
--totals	-20	 4936	 4936	 04	 
--totals	509	 5279	 5279	 05	 
--totals	481	 5909	 5909	 05	 
--totals	463	 6481	 6481	 05	 
--totals	433	 6969	 6969	 05	 
--totals	367	 7453	 7453	 05	 
--totals	310	 7876	 7876	 05	 
--totals	-1312	 8176	 8176	 04	 
--totals	-2599	 7637	 7637	 03	 
--totals	-1685	 6743	 6743	 03	 
--totals	-1111	 6195	 6195	 03	 
--totals	-738	 5878	 5878	 03	 
--totals	-564	 5760	 5760	 03	 
--totals	-507	 5763	 5763	 03	 
--totals	-485	 5785	 5785	 03	 
--totals	-421	 5777	 5777	 03	 
--totals	-2197	 5843	 5843	 02	 
--totals	-1408	 5058	 5058	 02	 
--totals	-791	 4635	 4635	 03	 
--totals	-462	 4434	 4434	 03	 
--totals	-2099	 4485	 4485	 02	 
--totals	-1200	 3714	 3714	 03	 
--totals	-433	 3393	 3393	 04	 
--totals	-2131	 3401	 3401	 03	 
--totals	-1300	 2588	 2588	 03	 
--totals	-685	 2271	 2271	 04	 
--totals	-140	 2336	 2336	 05	 
--totals	83	 2697	 2697	 05	 
--totals	201	 3139	 3139	 05	 
--totals	816	 3640	 3640	 06	 
--totals	1023	 4323	 4323	 06	 
--totals	1185	 5033	 5033	 06	 
--totals	1401	 5687	 5687	 06	 
--totals	1516	 6334	 6334	 06	 
--totals	1601	 6919	 6919	 06	 
--totals	1657	 7445	 7445	 06	 
--totals	106	 7914	 7914	 05	 
--totals	208	 8026	 8026	 05	 
--totals	-1488	 8278	 8278	 04	 
--totals	-2487	 7653	 7653	 03	 
--totals	-3402	 6874	 6874	 02	 
--totals	-2528	 6012	 6012	 02	 
--totals	-1786	 5290	 5290	 02	 
--totals	-3010	 4744	 4744	 01	 
--totals	-2155	 3891	 3891	 01	 
--totals	-1362	 3292	 3292	 02	 
--totals	-2704	 2946	 2946	 01	 
--totals	-1894	 2136	 2136	 01	 
--totals	-1315	 1681	 1681	 02	 
--totals	-965	 1439	 1439	 02	 
--totals	-757	 1395	 1395	 02	 
--totals	-442	 1420	 1420	 03	 
--totals	-26	 1684	 1684	 04	 
--totals	-21	 2179	 2179	 04	 
--totals	-29	 2657	 2657	 04	 
--totals	415	 3095	 3095	 05	 
--totals	454	 3718	 3718	 05	 
--totals	511	 4307	 4307	 05	 
--totals	477	 4893	 4893	 05	 
--totals	504	 5442	 5442	 05	 
--totals	453	 5969	 5969	 05	 
--totals	439	 6445	 6445	 05	 
--totals	368	 6946	 6946	 05	 
--totals	372	 7336	 7336	 05	 
--totals	357	 7693	 7693	 05	 
--totals	-1372	 8036	 8036	 04	 
--totals	-2394	 7422	 7422	 03	 
--totals	-1605	 6663	 6663	 03	 
--totals	-2790	 6158	 6158	 02	 
--totals	-1728	 5340	 5340	 03	 
--totals	-1099	 4795	 4795	 03	 
--totals	-2402	 4530	 4530	 02	 
--totals	-1626	 3772	 3772	 02	 
--totals	-1002	 3318	 3318	 03	 
--totals	-292	 3136	 3136	 04	 
--totals	-1896	 3292	 3292	 03	 
--totals	-874	 2636	 2636	 04	 
--totals	-489	 2497	 2497	 04	 
--totals	-255	 2589	 2589	 04	 
--totals	280	 2882	 2882	 05	 
--totals	873	 3437	 3437	 06	 
--totals	1718	 4130	 4130	 07	 
--totals	2089	 4951	 4951	 07	 
--totals	2448	 5728	 5728	 07	 
--totals	2742	 6494	 6494	 07	 
--totals	3038	 7162	 7162	 07	 
--totals	3242	 7794	 7794	 07	 
--totals	1753	 8273	 8273	 06	 
--totals	145	 8665	 8665	 05	 
--totals	138	 8818	 8818	 05	 
--totals	133	 9001	 9001	 05	 
--totals	-1734	 9162	 9162	 04	 
--totals	-888	 8344	 8344	 04	 
--totals	-499	 7993	 7993	 04	 
--totals	-2322	 7948	 7948	 03	 
--totals	-1463	 7097	 7097	 03	 
--totals	-608	 6598	 6598	 04	 
--totals	-255	 6425	 6425	 04	 
--totals	-178	 6546	 6546	 04	 
--totals	-171	 6721	 6721	 04	 
--totals	-2114	 6916	 6916	 03	 
--totals	-3199	 6101	 6101	 02	 
--totals	-2268	 5172	 5172	 02	 
--totals	-1549	 4467	 4467	 02	 
--totals	-1053	 4015	 4015	 02	 
--totals	-509	 3767	 3767	 03	 
--totals	-393	 3827	 3827	 03	 
--totals	-38	 3940	 3940	 04	 
--totals	-24	 4302	 4302	 04	 
--totals	04	 4658	 4658	 04	 
--totals	460	 5016	 5016	 05	 
--totals	471	 5615	 5615	 05	 
--totals	-1447	 6141	 6141	 04	 
--totals	-787	 5539	 5539	 04	 
--totals	-2006	 5368	 5368	 03	 
--totals	-1259	 4665	 4665	 03	 
--totals	-804	 4280	 4280	 03	 
--totals	-599	 4195	 4195	 03	 
--totals	-492	 4232	 4232	 03	 
--totals	90	 4244	 4244	 04	 
--totals	30	 4680	 4680	 04	 
--totals	-14	 5044	 5044	 04	 
--totals	-106	 5404	 5404	 04	 
--totals	-1743	 5687	 5687	 03	 
--totals	-1081	 5081	 5081	 03	 
--totals	-744	 4826	 4826	 03	 
--totals	-549	 4735	 4735	 03	 
--totals	-456	 4778	 4778	 03	 
--totals	-2064	 4876	 4876	 02	 
--totals	-1088	 4170	 4170	 03	 
--totals	-2218	 3844	 3844	 02	 
--totals	-1500	 3160	 3160	 02	 
--totals	-1005	 2741	 2741	 02	 
--totals	-844	 2656	 2656	 02	 
--totals	-474	 2598	 2598	 03	 
--totals	-369	 2721	 2721	 03	 
--totals	171	 2865	 2865	 04	 
--totals	97	 3333	 3333	 04	 
--totals	544	 3768	 3768	 05	 
--totals	1127	 4411	 4411	 06	 
--totals	1330	 5188	 5188	 06	 
--totals	-139	 5949	 5949	 05	 
--totals	85	 6071	 6071	 05	 
--totals	171	 6363	 6363	 05	 
--totals	250	 6692	 6692	 05	 
--totals	276	 7058	 7058	 05	 
--totals	-1340	 7396	 7396	 04	 
--totals	-711	 6867	 6867	 04	 
--totals	-355	 6623	 6623	 04	 
--totals	-1880	 6656	 6656	 03	 
--totals	-2781	 5941	 5941	 02	 
--totals	-1735	 5131	 5131	 03	 
--totals	-2702	 4584	 4584	 02	 
--totals	-1932	 3860	 3860	 02	 
--totals	-1341	 3331	 3331	 02	 
--totals	-2572	 3004	 3004	 01	 
--totals	-1816	 2260	 2260	 01	 
--totals	-1206	 1838	 1838	 02	 
--totals	-820	 1694	 1694	 03	 
--totals	-611	 1715	 1715	 03	 
--totals	-490	 1846	 1846	 03	 
--totals	-419	 2039	 2039	 03	 
--totals	-358	 2246	 2246	 03	 
--totals	77	 2449	 2449	 04	 
--totals	405	 2917	 2917	 05	 
--totals	1029	 3515	 3515	 06	 
--totals	1194	 4274	 4274	 06	 
--totals	1330	 5014	 5014	 06	 
--totals	1433	 5717	 5717	 06	 
--totals	1584	 6428	 6428	 06	 
--totals	1630	 7020	 7020	 06	 
--totals	1686	 7552	 7552	 06	 
--totals	1767	 7999	 7999	 06	 
--totals	1814	 8416	 8416	 06	 
--totals	119	 8779	 8779	 05	 
--totals	-1668	 8912	 8912	 04	 
--totals	-2683	 8127	 8127	 03	 
--totals	-1810	 7270	 7270	 03	 
--totals	-2934	 6608	 6608	 02	 
--totals	-3892	 5740	 5740	 01	 
--totals	-2708	 4830	 4830	 02	 
--totals	-3810	 4118	 4118	 01	 
--totals	-2843	 3205	 3205	 02	 
--totals	-2091	 2497	 2497	 02	 
--totals	-1457	 2021	 2021	 03	 
--totals	-1036	 1786	 1786	 03	 
--totals	-401	 1695	 1695	 04	 
--totals	-228	 1902	 1902	 04	 
--totals	163	 2227	 2227	 05	 
--totals	301	 2773	 2773	 05	 
--totals	427	 3327	 3327	 05	 
--totals	507	 3931	 3931	 05	 
--totals	520	 4520	 4520	 05	 
--totals	483	 5129	 5129	 05	 
--totals	484	 5706	 5706	 05	 
--totals	471	 6177	 6177	 05	 
--totals	436	 6672	 6672	 05	 
--totals	396	 7122	 7122	 05	 
--totals	367	 7545	 7545	 05	 
--totals	-1301	 7877	 7877	 04	 
--totals	-657	 7319	 7319	 04	 
--totals	-2058	 7118	 7118	 03	 
--totals	-1287	 6369	 6369	 03	 
--totals	-2603	 6025	 6025	 02	 
--totals	-1563	 5217	 5217	 03	 
--totals	-972	 4698	 4698	 03	 
--totals	-646	 4494	 4494	 03	 
--totals	-206	 4410	 4410	 04	 
--totals	415	 4641	 4641	 05	 
--totals	487	 5239	 5239	 05	 
--totals	488	 5808	 5808	 05	 
--totals	450	 6358	 6358	 05	 
--totals	-1413	 6881	 6881	 04	 
--totals	-798	 6332	 6332	 04	 
--totals	-408	 6060	 6060	 04	 
--totals	-289	 6143	 6143	 04	 
--totals	277	 6273	 6273	 05	 
--totals	299	 6723	 6723	 05	 
--totals	310	 7160	 7160	 05	 
--totals	284	 7564	 7564	 05	 
--totals	-1352	 7892	 7892	 04	 
--totals	-720	 7350	 7350	 04	 
--totals	-373	 7109	 7109	 04	 
--totals	-2216	 7148	 7148	 03	 
--totals	-1392	 6342	 6342	 03	 
--totals	-585	 5877	 5877	 04	 
--totals	-266	 5796	 5796	 04	 
--totals	-182	 5964	 5964	 04	 
--totals	-146	 6152	 6152	 04	 
--totals	362	 6418	 6418	 05	 
--totals	399	 6899	 6899	 05	 
--totals	-1314	 7398	 7398	 04	 
--totals	-2545	 6843	 6843	 03	 
--totals	-1679	 5997	 5997	 03	 
--totals	-2945	 5425	 5425	 02	 
--totals	-1980	 4554	 4554	 03	 
--totals	-1132	 3954	 3954	 04	 
--totals	-616	 3694	 3694	 04	 
--totals	-361	 3719	 3719	 04	 
--totals	-226	 3926	 3926	 04	 
--totals	-183	 4181	 4181	 04	 
--totals	-87	 4403	 4403	 04	 
--totals	-97	 4743	 4743	 04	 
--totals	-84	 5006	 5006	 04	 
--totals	-78	 5294	 5294	 04	 
--totals	-128	 5626	 5626	 04	 
--totals	-151	 5871	 5871	 04	 
--totals	-165	 6113	 6113	 04	 
--totals	-143	 6311	 6311	 04	 
--totals	-156	 6514	 6514	 04	 
--totals	-194	 6712	 6712	 04	 
--totals	-187	 6869	 6869	 04	 
--totals	-245	 7073	 7073	 04	 
--totals	-307	 7239	 7239	 04	 
--totals	-2134	 7368	 7368	 03	 
--totals	-1330	 6578	 6578	 03	 
--totals	-833	 6123	 6123	 03	 
--totals	-580	 5916	 5916	 03	 
--totals	-494	 5876	 5876	 03	 
--totals	-451	 5895	 5895	 03	 
--totals	-432	 5918	 5918	 03	 
--totals	-361	 5873	 5873	 03	 
--totals	88	 6008	 6008	 04	 
--totals	-1910	 6386	 6386	 03	 
--totals	-1164	 5664	 5664	 03	 
--totals	-750	 5310	 5310	 03	 
--totals	-525	 5189	 5189	 03	 
--totals	-93	 5221	 5221	 04	 
--totals	-2018	 5502	 5502	 03	 
--totals	-1215	 4723	 4723	 03	 
--totals	-433	 4341	 4341	 04	 
--totals	-193	 4403	 4403	 04	 
--totals	-98	 4656	 4656	 04	 
--totals	356	 4922	 4922	 05	 
--totals	426	 5440	 5440	 05	 
--totals	-1465	 5985	 5985	 04	 
--totals	-814	 5406	 5406	 04	 
--totals	-457	 5219	 5219	 04	 
--totals	-292	 5282	 5282	 04	 
--totals	-1748	 5446	 5446	 03	 
--totals	-1095	 4857	 4857	 03	 
--totals	-507	 4553	 4553	 04	 
--totals	-272	 4634	 4634	 04	 
--totals	-165	 4837	 4837	 04	 
--totals	-114	 5052	 5052	 04	 
--totals	-80	 5328	 5328	 04	 
--totals	-1632	 5582	 5582	 03	 
--totals	-1021	 5019	 5019	 03	 
--totals	-672	 4786	 4786	 03	 
--totals	-46	 4662	 4662	 04	 
--totals	-1650	 4982	 4982	 03	 
--totals	-1054	 4458	 4458	 03	 
--totals	-661	 4181	 4181	 03	 
--totals	-2174	 4142	 4142	 02	 
--totals	-1428	 3430	 3430	 02	 
--totals	-791	 3029	 3029	 03	 
--totals	-548	 2972	 2972	 03	 
--totals	-379	 3011	 3011	 03	 
--totals	69	 3157	 3157	 04	 
--totals	-11	 3623	 3623	 04	 
--totals	18	 3952	 3952	 04	 
--totals	519	 4331	 4331	 05	 
--totals	570	 4942	 4942	 05	 
--totals	574	 5516	 5516	 05	 
--totals	550	 6078	 6078	 05	 
--totals	492	 6596	 6596	 05	 
--totals	432	 7064	 7064	 05	 
--totals	425	 7487	 7487	 05	 
--totals	-1367	 7909	 7909	 04	 
--totals	-681	 7307	 7307	 04	 
--totals	-388	 7108	 7108	 04	 
--totals	-2156	 7128	 7128	 03	 
--totals	-3047	 6343	 6343	 02	 
--totals	-2181	 5483	 5483	 02	 
--totals	-1524	 4844	 4844	 02	 
--totals	-925	 4443	 4443	 03	 
--totals	-615	 4261	 4261	 03	 
--totals	-2188	 4254	 4254	 02	 
--totals	-1135	 3515	 3515	 03	 
--totals	-642	 3150	 3150	 03	 
--totals	-139	 3147	 3147	 04	 
--totals	279	 3469	 3469	 05	 
--totals	410	 3986	 3986	 05	 
--totals	494	 4554	 4554	 05	 
--totals	509	 5123	 5123	 05	 
--totals	476	 5684	 5684	 05	 
--totals	508	 6160	 6160	 05	 
--totals	447	 6667	 6667	 05	 
--totals	382	 7120	 7120	 05	 
--totals	-1493	 7475	 7475	 04	 
--totals	-2321	 6813	 6813	 03	 
--totals	-3072	 6064	 6064	 02	 
--totals	-2271	 5271	 5271	 02	 
--totals	-1470	 4598	 4598	 03	 
--totals	-1024	 4280	 4280	 03	 
--totals	-2293	 4113	 4113	 02	 
--totals	-1558	 3412	 3412	 02	 
--totals	-1104	 3032	 3032	 02	 
--totals	-782	 2790	 2790	 02	 
--totals	-645	 2729	 2729	 02	 
--totals	-230	 2758	 2758	 03	 
--totals	-270	 3044	 3044	 03	 
--totals	-1933	 3257	 3257	 02	 
--totals	-1283	 2645	 2645	 02	 
--totals	-925	 2377	 2377	 02	 
--totals	-506	 2242	 2242	 03	 
--totals	-16	 2384	 2384	 04	 
--totals	04	 2816	 2816	 04	 
--totals	03	 3265	 3265	 04	 
--totals	-27	 3633	 3633	 04	 
--totals	-49	 3997	 3997	 04	 
--totals	-31	 4325	 4325	 04	 
--totals	-39	 4651	 4651	 04	 
--totals	-68	 4978	 4978	 04	 
--totals	-87	 5301	 5301	 04	 
--totals	-103	 5587	 5587	 04	 
--totals	-83	 5835	 5835	 04	 
--totals	-131	 6101	 6101	 04	 
--totals	-1784	 6344	 6344	 03	 
--totals	-1136	 5738	 5738	 03	 
--totals	-696	 5360	 5360	 03	 
--totals	-514	 5272	 5272	 03	 
--totals	-2146	 5286	 5286	 02	 
--totals	-1086	 4530	 4530	 03	 
--totals	-402	 4236	 4236	 04	 
--totals	-168	 4264	 4264	 04	 
--totals	378	 4542	 4542	 05	 
--totals	1051	 5073	 5073	 06	 
--totals	1220	 5792	 5792	 06	 
--totals	1408	 6490	 6490	 06	 
--totals	1552	 7144	 7144	 06	 
--totals	1665	 7721	 7721	 06	 
--totals	1741	 8203	 8203	 06	 
--totals	1815	 8579	 8579	 06	 
--totals	120	 8936	 8936	 05	 
--totals	132	 9076	 9076	 05	 
--totals	-1734	 9212	 9212	 04	 
--totals	-875	 8381	 8381	 04	 
--totals	-2389	 8003	 8003	 03	 
--totals	-3353	 7143	 7143	 02	 
--totals	-2438	 6230	 6230	 02	 
--totals	-1699	 5493	 5493	 02	 
--totals	-1145	 4951	 4951	 02	 
--totals	-499	 4683	 4683	 03	 
--totals	-73	 4631	 4631	 04	 
--totals	-33	 4939	 4939	 04	 
--totals	-46	 5276	 5276	 04	 
--totals	-62	 5578	 5578	 04	 
--totals	-109	 5897	 5897	 04	 
--totals	-95	 6143	 6143	 04	 
--totals	-2099	 6397	 6397	 03	 
--totals	-1291	 5609	 5609	 03	 
--totals	-2726	 5174	 5174	 02	 
--totals	-1828	 4278	 4278	 02	 
--totals	-1230	 3720	 3720	 02	 
--totals	-468	 3378	 3378	 03	 
--totals	-99	 3471	 3471	 04	 
--totals	268	 3820	 3820	 05	 
--totals	359	 4337	 4337	 05	 
--totals	435	 4881	 4881	 05	 
--totals	461	 5423	 5423	 05	 
--totals	425	 5991	 5991	 05	 
--totals	-1195	 6451	 6451	 04	 
--totals	-622	 6012	 6012	 04	 
--totals	-349	 5895	 5895	 04	 
--totals	-180	 5928	 5928	 04	 
--totals	-1849	 6121	 6121	 03	 
--totals	-1126	 5444	 5444	 03	 
--totals	-720	 5134	 5134	 03	 
--totals	-533	 5069	 5069	 03	 
--totals	-2005	 5087	 5087	 02	 
--totals	-2926	 4448	 4448	 01	 
--totals	-2060	 3686	 3686	 02	 
--totals	-1298	 3114	 3114	 03	 
--totals	-836	 2810	 2810	 03	 
--totals	-582	 2778	 2778	 03	 
--totals	-440	 2864	 2864	 03	 
--totals	-90	 3034	 3034	 04	 
--totals	390	 3366	 3366	 05	 
--totals	1031	 3911	 3911	 06	 
--totals	-511	 4653	 4653	 05	 
--totals	-95	 4585	 4585	 05	 
--totals	120	 4878	 4878	 05	 
--totals	194	 5284	 5284	 05	 
--totals	268	 5678	 5678	 05	 
--totals	324	 6074	 6074	 05	 
--totals	341	 6517	 6517	 05	 
--totals	265	 6969	 6969	 05	 
--totals	268	 7292	 7292	 05	 
--totals	-1299	 7633	 7633	 04	 
--totals	-2296	 7100	 7100	 03	 
--totals	-3124	 6378	 6378	 02	 
--totals	-2294	 5562	 5562	 02	 
--totals	-1434	 4918	 4918	 03	 
--totals	-686	 4472	 4472	 04	 
--totals	-332	 4386	 4386	 04	 
--totals	-227	 4583	 4583	 04	 
--totals	-108	 4772	 4772	 04	 
--totals	-1818	 5060	 5060	 03	 
--totals	-1110	 4394	 4394	 03	 
--totals	-442	 4124	 4124	 04	 
--totals	-1978	 4178	 4178	 03	 
--totals	-1231	 3497	 3497	 03	 
--totals	-521	 3185	 3185	 04	 
--totals	-271	 3253	 3253	 04	 
--totals	209	 3463	 3463	 05	 
--totals	800	 3986	 3986	 06	 
--totals	1074	 4654	 4654	 06	 
--totals	1237	 5347	 5347	 06	 
--totals	1373	 6037	 6037	 06	 
--totals	1503	 6675	 6675	 06	 
--totals	1634	 7236	 7236	 06	 
--totals	40	 7746	 7746	 05	 
--totals	115	 7905	 7905	 05	 
--totals	182	 8078	 8078	 05	 
--totals	189	 8305	 8305	 05	 
--totals	175	 8499	 8499	 05	 
--totals	-1589	 8685	 8685	 04	 
--totals	-2580	 7962	 7962	 03	 
--totals	-1748	 7144	 7144	 03	 
--totals	-1111	 6535	 6535	 03	 
--totals	-768	 6216	 6216	 03	 
--totals	-601	 6091	 6091	 03	 
--totals	-451	 5981	 5981	 03	 
--totals	-52	 6060	 6060	 04	 
--totals	-1961	 6381	 6381	 03	 
--totals	-3049	 5645	 5645	 02	 
--totals	-4066	 4760	 4760	 01	 
--totals	-2990	 3834	 3834	 02	 
--totals	-2139	 3071	 3071	 03	 
--totals	-1516	 2558	 2558	 03	 
--totals	-700	 2252	 2252	 04	 
--totals	-226	 2256	 2256	 05	 
--totals	331	 2547	 2547	 06	 
--totals	635	 3097	 3097	 06	 
--totals	869	 3731	 3731	 06	 
--totals	1101	 4423	 4423	 06	 
--totals	1313	 5093	 5093	 06	 
--totals	1453	 5781	 5781	 06	 
--totals	1532	 6464	 6464	 06	 
--totals	1654	 7030	 7030	 06	 
--totals	1651	 7553	 7553	 06	 
--totals	87	 8007	 8007	 05	 
--totals	152	 8178	 8178	 05	 
--totals	-1528	 8390	 8390	 04	 
--totals	-2514	 7734	 7734	 03	 
--totals	-1697	 6935	 6935	 03	 
--totals	-1139	 6413	 6413	 03	 
--totals	-743	 6069	 6069	 03	 
--totals	-573	 5945	 5945	 03	 
--totals	-2243	 5879	 5879	 02	 
--totals	-1490	 5136	 5136	 02	 
--totals	-2871	 4675	 4675	 01	 
--totals	-1917	 3823	 3823	 02	 
--totals	-1282	 3238	 3238	 02	 
--totals	-883	 2911	 2911	 02	 
--totals	-425	 2727	 2727	 03	 
--totals	-135	 2879	 2879	 04	 
--totals	-44	 3194	 3194	 04	 
--totals	397	 3539	 3539	 05	 
--totals	453	 4103	 4103	 05	 
--totals	510	 4670	 4670	 05	 
--totals	500	 5250	 5250	 05	 
--totals	514	 5802	 5802	 05	 
--totals	498	 6322	 6322	 05	 
--totals	460	 6804	 6804	 05	 
--totals	403	 7275	 7275	 05	 
--totals	-1579	 7673	 7673	 04	 
--totals	-2373	 6959	 6959	 03	 
--totals	-1550	 6166	 6166	 03	 
--totals	-1000	 5666	 5666	 03	 
--totals	-693	 5401	 5401	 03	 
--totals	-533	 5349	 5349	 03	 
--totals	-441	 5301	 5301	 03	 
--totals	-2060	 5372	 5372	 02	 
--totals	-3055	 4687	 4687	 01	 
--totals	-2213	 3847	 3847	 01	 
--totals	-1535	 3249	 3249	 02	 
--totals	-1110	 2906	 2906	 02	 
--totals	-833	 2729	 2729	 02	 
--totals	-392	 2650	 2650	 03	 
--totals	-336	 2842	 2842	 03	 
--totals	-19	 3047	 3047	 04	 
--totals	00	 3438	 3438	 04	 
--totals	590	 3784	 3784	 05	 
--totals	1167	 4415	 4415	 06	 
--totals	1331	 5189	 5189	 06	 
--totals	1494	 5942	 5942	 06	 
--totals	1611	 6657	 6657	 06	 
--totals	1704	 7274	 7274	 06	 
--totals	1738	 7832	 7832	 06	 
--totals	1789	 8295	 8295	 06	 
--totals	137	 8673	 8673	 05	 
--totals	-1631	 8821	 8821	 04	 
--totals	-2587	 8061	 8061	 03	 
--totals	-1732	 7226	 7226	 03	 
--totals	-1111	 6633	 6633	 03	 
--totals	-734	 6280	 6280	 03	 
--totals	-2546	 6172	 6172	 02	 
--totals	-1649	 5279	 5279	 02	 
--totals	-2927	 4737	 4737	 01	 
--totals	-2084	 3896	 3896	 01	 
--totals	-1534	 3350	 3350	 01	 
--totals	-963	 3009	 3009	 02	 
--totals	-2515	 2811	 2811	 01	 
--totals	-1607	 1971	 1971	 02	 
--totals	-1111	 1561	 1561	 02	 
--totals	-712	 1400	 1400	 03	 
--totals	-467	 1433	 1433	 03	 
--totals	-165	 1653	 1653	 04	 
--totals	-49	 2023	 2023	 04	 
--totals	-2	 2458	 2458	 04	 
--totals	404	 2926	 2926	 05	 
--totals	428	 3506	 3506	 05	 
--totals	443	 4115	 4115	 05	 
--totals	516	 4672	 4672	 05	 
--totals	476	 5274	 5274	 05	 
--totals	454	 5802	 5802	 05	 
--totals	431	 6321	 6321	 05	 
--totals	392	 6796	 6796	 05	 
--totals	357	 7209	 7209	 05	 
--totals	-1280	 7598	 7598	 04	 
--totals	-679	 7083	 7083	 04	 
--totals	-362	 6864	 6864	 04	 
--totals	-283	 6901	 6901	 04	 
--totals	-271	 7015	 7015	 04	 
--totals	-1960	 7108	 7108	 03	 
--totals	-1221	 6403	 6403	 03	 
--totals	-2494	 6022	 6022	 02	 
--totals	-1574	 5248	 5248	 03	 
--totals	-1004	 4764	 4764	 03	 
--totals	-680	 4556	 4556	 03	 
--totals	-475	 4487	 4487	 03	 
--totals	-338	 4502	 4502	 03	 
--totals	-374	 4684	 4684	 03	 
--totals	06	 4792	 4792	 04	 
--totals	516	 5104	 5104	 05	 
--totals	510	 5716	 5716	 05	 
--totals	557	 6263	 6263	 05	 
--totals	505	 6861	 6861	 05	 
--totals	403	 7357	 7357	 05	 
--totals	383	 7759	 7759	 05	 
--totals	313	 8129	 8129	 05	 
--totals	261	 8447	 8447	 05	 
--totals	242	 8708	 8708	 05	 
--totals	-1548	 8960	 8960	 04	 
--totals	-788	 8252	 8252	 04	 
--totals	-448	 7960	 7960	 04	 
--totals	-2254	 7858	 7858	 03	 
--totals	-1361	 6971	 6971	 03	 
--totals	-2732	 6516	 6516	 02	 
--totals	-1793	 5653	 5653	 03	 
--totals	-1138	 5050	 5050	 03	 
--totals	-740	 4754	 4754	 03	 
--totals	-522	 4688	 4688	 03	 
--totals	-417	 4721	 4721	 03	 
--totals	-2234	 4810	 4810	 02	 
--totals	-1439	 4037	 4037	 02	 
--totals	-680	 3568	 3568	 03	 
--totals	-2462	 3518	 3518	 02	 
--totals	-1584	 2646	 2646	 02	 
--totals	-836	 2178	 2178	 03	 
--totals	-391	 2087	 2087	 04	 
--totals	26	 2334	 2334	 05	 
--totals	199	 2743	 2743	 05	 
--totals	908	 3226	 3226	 06	 
--totals	1099	 3969	 3969	 06	 
--totals	1267	 4739	 4739	 06	 
--totals	1413	 5433	 5433	 06	 
--totals	1556	 6112	 6112	 06	 
--totals	1658	 6736	 6736	 06	 
--totals	1689	 7343	 7343	 06	 
--totals	174	 7826	 7826	 05	 
--totals	-1471	 8069	 8069	 04	 
--totals	-2445	 7445	 7445	 03	 
--totals	-3283	 6661	 6661	 02	 
--totals	-4069	 5803	 5803	 01	 
--totals	-3175	 4917	 4917	 01	 
--totals	-2361	 4147	 4147	 02	 
--totals	-1663	 3595	 3595	 03	 
--totals	-822	 3234	 3234	 04	 
--totals	-449	 3129	 3129	 04	 
--totals	-137	 3183	 3183	 04	 
--totals	-60	 3486	 3486	 04	 
--totals	26	 3792	 3792	 04	 
--totals	69	 4153	 4153	 04	 
--totals	-21	 4619	 4619	 04	 
--totals	-1865	 4951	 4951	 03	 
--totals	-1084	 4224	 4224	 03	 
--totals	-696	 3936	 3936	 03	 
--totals	-492	 3868	 3868	 03	 
--totals	-389	 3937	 3937	 03	 
--totals	-386	 4098	 4098	 03	 
--totals	-7	 4203	 4203	 04	 
--totals	-48	 4584	 4584	 04	 
--totals	415	 4891	 4891	 05	 
--totals	440	 5460	 5460	 05	 
--totals	430	 6014	 6014	 05	 
--totals	-1180	 6512	 6512	 04	 
--totals	-2202	 6090	 6090	 03	 
--totals	-1454	 5386	 5386	 03	 
--totals	-981	 4979	 4979	 03	 
--totals	-676	 4770	 4770	 03	 
--totals	-458	 4698	 4698	 03	 
--totals	-400	 4762	 4762	 03	 
--totals	-393	 4883	 4883	 03	 
--totals	-380	 4986	 4986	 03	 
--totals	-342	 5082	 5082	 03	 
--totals	-390	 5200	 5200	 03	 
--totals	-458	 5350	 5350	 03	 
--totals	-457	 5449	 5449	 03	 
--totals	-443	 5515	 5515	 03	 
--totals	31	 5577	 5577	 04	 
--totals	-76	 5960	 5960	 04	 
--totals	-1825	 6235	 6235	 03	 
--totals	-1113	 5569	 5569	 03	 
--totals	-709	 5255	 5255	 03	 
--totals	-175	 5157	 5157	 04	 
--totals	263	 5439	 5439	 05	 
--totals	406	 5884	 5884	 05	 
--totals	407	 6387	 6387	 05	 
--totals	396	 6900	 6900	 05	 
--totals	397	 7343	 7343	 05	 
--totals	-1612	 7778	 7778	 04	 
--totals	-828	 7044	 7044	 04	 
--totals	-462	 6778	 6778	 04	 
--totals	-308	 6752	 6752	 04	 
--totals	-303	 6893	 6893	 04	 
--totals	-275	 7003	 7003	 04	 
--totals	-1973	 7115	 7115	 03	 
--totals	-3175	 6429	 6429	 02	 
--totals	-2245	 5501	 5501	 02	 
--totals	-3142	 4788	 4788	 01	 
--totals	-2229	 3951	 3951	 02	 
--totals	-1472	 3340	 3340	 03	 
--totals	-2668	 3004	 3004	 02	 
--totals	-1722	 2214	 2214	 03	 
--totals	-1210	 1818	 1818	 03	 
--totals	-886	 1684	 1684	 03	 
--totals	-615	 1659	 1659	 03	 
--totals	-233	 1787	 1787	 04	 
--totals	112	 2100	 2100	 05	 
--totals	649	 2585	 2585	 06	 
--totals	853	 3255	 3255	 06	 
--totals	1057	 3943	 3943	 06	 
--totals	1198	 4682	 4682	 06	 
--totals	1335	 5387	 5387	 06	 
--totals	1473	 6059	 6059	 06	 
--totals	1595	 6675	 6675	 06	 
--totals	1680	 7208	 7208	 06	 
--totals	1756	 7694	 7694	 06	 
--totals	1803	 8115	 8115	 06	 
--totals	1846	 8496	 8496	 06	 
--totals	1886	 8826	 8826	 06	 
--totals	38	 9082	 9082	 05	 
--totals	-1751	 9167	 9167	 04	 
--totals	-2744	 8344	 8344	 03	 
--totals	-3736	 7480	 7480	 02	 
--totals	-2819	 6567	 6567	 02	 
--totals	-3927	 5807	 5807	 01	 
--totals	-2996	 4878	 4878	 01	 
--totals	-2223	 4153	 4153	 02	 
--totals	-1412	 3584	 3584	 03	 
--totals	-931	 3231	 3231	 03	 
--totals	-2523	 3105	 3105	 02	 
--totals	-1681	 2271	 2271	 02	 
--totals	-1174	 1838	 1838	 02	 
--totals	-795	 1681	 1681	 03	 
--totals	-570	 1712	 1712	 03	 
--totals	-440	 1834	 1834	 03	 
--totals	-124	 2032	 2032	 04	 
--totals	-68	 2436	 2436	 04	 
--totals	330	 2880	 2880	 05	 
--totals	397	 3425	 3425	 05	 
--totals	494	 3996	 3996	 05	 
--totals	473	 4609	 4609	 05	 
--totals	500	 5158	 5158	 05	 
--totals	481	 5721	 5721	 05	 
--totals	456	 6228	 6228	 05	 
--totals	399	 6689	 6689	 05	 
--totals	331	 7155	 7155	 05	 
--totals	-1308	 7522	 7522	 04	 
--totals	-675	 6997	 6997	 04	 
--totals	-2039	 6825	 6825	 03	 
--totals	-1062	 6148	 6148	 04	 
--totals	-2166	 5802	 5802	 03	 
--totals	-3061	 5111	 5111	 02	 
--totals	-3873	 4269	 4269	 01	 
--totals	-2997	 3399	 3399	 01	 
--totals	-2254	 2732	 2732	 02	 
--totals	-1697	 2241	 2241	 02	 
--totals	-1304	 1962	 1962	 02	 
--totals	-1041	 1823	 1823	 02	 
--totals	-703	 1795	 1795	 03	 
