217	463	217	629	285	463	285	629	--DS8	01	 01	 --Ss11	01	 01	 --Rv14	285	 629	 --POPS17	0.80	 0.20	 --M&N20	0.000000	 1.00	 0.00	 100000.00	 --NE?	0	0	0	1	
217	463	222	625	283	463	285	629	--DS8	01	 01	 --Ss11	01	 01	 --Rv14	285	 629	 --POPS17	0.80	 0.20	 --M&N20	0.010000	 0.99	 0.00	 100000.00	 --NE?	0	0	0	1	
217	463	227	622	281	464	285	629	--DS8	01	 01	 --Ss11	01	 01	 --Rv14	285	 629	 --POPS17	0.80	 0.20	 --M&N20	0.020000	 0.98	 0.00	 100000.00	 --NE?	0	0	0	1	
217	463	231	618	280	464	285	629	--DS8	01	 01	 --Ss11	01	 01	 --Rv14	285	 629	 --POPS17	0.80	 0.20	 --M&N20	0.030000	 0.97	 0.00	 100000.00	 --NE?	0	0	0	1	
217	463	236	614	278	465	285	629	--DS8	01	 01	 --Ss11	01	 01	 --Rv14	285	 629	 --POPS17	0.80	 0.20	 --M&N20	0.040000	 0.96	 0.00	 100000.00	 --NE?	0	0	0	1	
217	463	240	611	277	466	285	629	--DS8	01	 01	 --Ss11	01	 01	 --Rv14	285	 629	 --POPS17	0.80	 0.20	 --M&N20	0.050000	 0.95	 0.00	 100000.00	 --NE?	0	0	0	1	
217	463	244	607	275	466	285	629	--DS8	01	 01	 --Ss11	01	 01	 --Rv14	285	 629	 --POPS17	0.80	 0.20	 --M&N20	0.060000	 0.94	 0.00	 100000.00	 --NE?	0	0	0	1	
217	463	249	603	273	467	285	629	--DS8	01	 01	 --Ss11	01	 01	 --Rv14	285	 629	 --POPS17	0.80	 0.20	 --M&N20	0.070000	 0.93	 0.00	 100000.00	 --NE?	0	0	0	1	
217	463	253	600	271	468	285	629	--DS8	01	 01	 --Ss11	01	 01	 --Rv14	285	 629	 --POPS17	0.80	 0.20	 --M&N20	0.080000	 0.92	 0.00	 100000.00	 --NE?	0	0	0	1	
217	463	257	596	270	468	285	629	--DS8	01	 01	 --Ss11	01	 01	 --Rv14	285	 629	 --POPS17	0.80	 0.20	 --M&N20	0.090000	 0.91	 0.00	 100000.00	 --NE?	0	0	0	1	
217	463	261	592	268	469	285	629	--DS8	01	 01	 --Ss11	01	 01	 --Rv14	285	 629	 --POPS17	0.80	 0.20	 --M&N20	0.100000	 0.90	 0.00	 100000.00	 --NE?	0	0	0	1	
217	463	265	588	266	469	285	629	--DS8	01	 01	 --Ss11	01	 01	 --Rv14	285	 629	 --POPS17	0.80	 0.20	 --M&N20	0.110000	 0.89	 0.00	 100000.00	 --NE?	0	0	0	1	
217	463	269	585	265	470	285	629	--DS8	01	 01	 --Ss11	01	 01	 --Rv14	285	 629	 --POPS17	0.80	 0.20	 --M&N20	0.120000	 0.88	 0.00	 100000.00	 --NE?	0	0	0	1	
217	463	273	581	263	471	285	629	--DS8	01	 01	 --Ss11	01	 01	 --Rv14	285	 629	 --POPS17	0.80	 0.20	 --M&N20	0.130000	 0.87	 0.00	 100000.00	 --NE?	0	0	0	1	
217	463	277	577	261	471	285	629	--DS8	01	 01	 --Ss11	01	 01	 --Rv14	285	 629	 --POPS17	0.80	 0.20	 --M&N20	0.140000	 0.86	 0.00	 100000.00	 --NE?	0	0	0	1	
217	463	281	573	259	472	285	629	--DS8	01	 01	 --Ss11	01	 01	 --Rv14	285	 629	 --POPS17	0.80	 0.20	 --M&N20	0.150000	 0.85	 0.00	 100000.00	 --NE?	0	0	0	1	
217	463	285	569	258	472	285	629	--DS8	01	 01	 --Ss11	01	 01	 --Rv14	285	 629	 --POPS17	0.80	 0.20	 --M&N20	0.160000	 0.84	 0.00	 100000.00	 --NE?	0	0	0	1	
217	463	288	565	256	473	285	629	--DS8	00	 01	 --Ss11	02	 01	 --Rv14	288	 565	 --POPS17	0.80	 0.20	 --M&N20	0.170000	 0.83	 0.00	 100000.00	 --NE?	0	1	0	0	
217	463	292	561	254	474	285	629	--DS8	00	 01	 --Ss11	02	 01	 --Rv14	292	 561	 --POPS17	0.80	 0.20	 --M&N20	0.180000	 0.82	 0.00	 100000.00	 --NE?	0	1	0	0	
217	463	296	558	252	474	285	629	--DS8	00	 01	 --Ss11	02	 01	 --Rv14	296	 558	 --POPS17	0.80	 0.20	 --M&N20	0.190000	 0.81	 0.00	 100000.00	 --NE?	0	1	0	0	
217	463	299	554	251	475	285	629	--DS8	00	 01	 --Ss11	02	 01	 --Rv14	299	 554	 --POPS17	0.80	 0.20	 --M&N20	0.200000	 0.80	 0.00	 100000.00	 --NE?	0	1	0	0	
217	463	303	550	249	476	285	629	--DS8	00	 01	 --Ss11	02	 01	 --Rv14	303	 550	 --POPS17	0.80	 0.20	 --M&N20	0.210000	 0.79	 0.00	 100000.00	 --NE?	0	1	0	0	
217	463	307	546	247	476	285	629	--DS8	00	 01	 --Ss11	02	 01	 --Rv14	307	 546	 --POPS17	0.80	 0.20	 --M&N20	0.220000	 0.78	 0.00	 100000.00	 --NE?	0	1	0	0	
217	463	310	542	245	477	285	629	--DS8	00	 01	 --Ss11	02	 01	 --Rv14	310	 542	 --POPS17	0.80	 0.20	 --M&N20	0.230000	 0.77	 0.00	 100000.00	 --NE?	0	1	0	0	
217	463	314	538	243	477	285	629	--DS8	00	 01	 --Ss11	02	 01	 --Rv14	314	 538	 --POPS17	0.80	 0.20	 --M&N20	0.240000	 0.76	 0.00	 100000.00	 --NE?	0	1	0	0	
217	463	317	534	242	478	285	629	--DS8	00	 01	 --Ss11	02	 01	 --Rv14	317	 534	 --POPS17	0.80	 0.20	 --M&N20	0.250000	 0.75	 0.00	 100000.00	 --NE?	0	1	0	0	
217	463	321	529	240	479	285	629	--DS8	00	 01	 --Ss11	02	 01	 --Rv14	321	 529	 --POPS17	0.80	 0.20	 --M&N20	0.260000	 0.74	 0.00	 100000.00	 --NE?	0	1	0	0	
217	463	324	525	238	479	285	629	--DS8	00	 01	 --Ss11	02	 01	 --Rv14	324	 525	 --POPS17	0.80	 0.20	 --M&N20	0.270000	 0.73	 0.00	 100000.00	 --NE?	0	1	0	0	
217	463	327	521	236	480	285	629	--DS8	00	 01	 --Ss11	02	 01	 --Rv14	327	 521	 --POPS17	0.80	 0.20	 --M&N20	0.280000	 0.72	 0.00	 100000.00	 --NE?	0	1	0	0	
217	463	331	517	234	480	285	629	--DS8	00	 01	 --Ss11	02	 01	 --Rv14	331	 517	 --POPS17	0.80	 0.20	 --M&N20	0.290000	 0.71	 0.00	 100000.00	 --NE?	0	1	0	0	
217	463	334	513	232	481	285	629	--DS8	00	 01	 --Ss11	02	 01	 --Rv14	334	 513	 --POPS17	0.80	 0.20	 --M&N20	0.300000	 0.70	 0.00	 100000.00	 --NE?	0	1	0	0	
217	463	337	509	230	482	285	629	--DS8	00	 01	 --Ss11	02	 01	 --Rv14	337	 509	 --POPS17	0.80	 0.20	 --M&N20	0.310000	 0.69	 0.00	 100000.00	 --NE?	0	1	0	0	
217	463	341	504	228	482	285	629	--DS8	00	 01	 --Ss11	02	 01	 --Rv14	341	 504	 --POPS17	0.80	 0.20	 --M&N20	0.320000	 0.68	 0.00	 100000.00	 --NE?	0	1	0	0	
217	463	344	500	226	483	285	629	--DS8	00	 01	 --Ss11	02	 01	 --Rv14	344	 500	 --POPS17	0.80	 0.20	 --M&N20	0.330000	 0.67	 0.00	 100000.00	 --NE?	0	1	0	0	
217	463	347	496	225	484	285	629	--DS8	00	 01	 --Ss11	02	 01	 --Rv14	347	 496	 --POPS17	0.80	 0.20	 --M&N20	0.340000	 0.66	 0.00	 100000.00	 --NE?	0	1	0	0	
217	463	350	492	223	484	285	629	--DS8	00	 01	 --Ss11	02	 01	 --Rv14	350	 492	 --POPS17	0.80	 0.20	 --M&N20	0.350000	 0.65	 0.00	 100000.00	 --NE?	0	1	0	0	
217	463	353	487	221	485	285	629	--DS8	00	 01	 --Ss11	02	 01	 --Rv14	353	 487	 --POPS17	0.80	 0.20	 --M&N20	0.360000	 0.64	 0.00	 100000.00	 --NE?	0	1	0	0	
217	463	357	483	219	485	285	629	--DS8	00	 01	 --Ss11	02	 01	 --Rv14	357	 483	 --POPS17	0.80	 0.20	 --M&N20	0.370000	 0.63	 0.00	 100000.00	 --NE?	0	1	0	0	
217	463	360	479	217	486	285	629	--DS8	02	 01	 --Ss11	02	 01	 --Rv14	360	 479	 --POPS17	0.80	 0.20	 --M&N20	0.380000	 0.62	 0.00	 100000.00	 --NE?	0	1	0	0	
217	463	363	474	215	487	285	629	--DS8	02	 01	 --Ss11	02	 01	 --Rv14	363	 474	 --POPS17	0.80	 0.20	 --M&N20	0.390000	 0.61	 0.00	 100000.00	 --NE?	0	1	0	0	
217	463	366	470	213	487	285	629	--DS8	02	 01	 --Ss11	02	 01	 --Rv14	366	 470	 --POPS17	0.80	 0.20	 --M&N20	0.400000	 0.60	 0.00	 100000.00	 --NE?	0	1	0	0	
217	463	369	465	211	488	285	629	--DS8	02	 01	 --Ss11	02	 01	 --Rv14	369	 465	 --POPS17	0.80	 0.20	 --M&N20	0.410000	 0.59	 0.00	 100000.00	 --NE?	0	1	0	0	
217	463	372	461	209	488	285	629	--DS8	02	 00	 --Ss11	02	 02	 --Rv14	217	 463	 --POPS17	0.80	 0.20	 --M&N20	0.420000	 0.58	 0.00	 100000.00	 --NE?	1	0	0	0	
217	463	375	456	206	489	285	629	--DS8	02	 00	 --Ss11	02	 02	 --Rv14	217	 463	 --POPS17	0.80	 0.20	 --M&N20	0.430000	 0.57	 0.00	 100000.00	 --NE?	1	0	0	0	
217	463	378	451	204	490	285	629	--DS8	02	 00	 --Ss11	02	 02	 --Rv14	217	 463	 --POPS17	0.80	 0.20	 --M&N20	0.440000	 0.56	 0.00	 100000.00	 --NE?	1	0	0	0	
217	463	381	447	202	490	285	629	--DS8	02	 00	 --Ss11	02	 02	 --Rv14	217	 463	 --POPS17	0.80	 0.20	 --M&N20	0.450000	 0.55	 0.00	 100000.00	 --NE?	1	0	0	0	
217	463	384	442	200	491	285	629	--DS8	02	 00	 --Ss11	02	 02	 --Rv14	217	 463	 --POPS17	0.80	 0.20	 --M&N20	0.460000	 0.54	 0.00	 100000.00	 --NE?	1	0	0	0	
217	463	387	438	198	491	285	629	--DS8	02	 00	 --Ss11	02	 02	 --Rv14	217	 463	 --POPS17	0.80	 0.20	 --M&N20	0.470000	 0.53	 0.00	 100000.00	 --NE?	1	0	0	0	
217	463	390	433	196	492	285	629	--DS8	02	 00	 --Ss11	02	 02	 --Rv14	217	 463	 --POPS17	0.80	 0.20	 --M&N20	0.480000	 0.52	 0.00	 100000.00	 --NE?	1	0	0	0	
217	463	393	428	194	493	285	629	--DS8	02	 00	 --Ss11	02	 02	 --Rv14	217	 463	 --POPS17	0.80	 0.20	 --M&N20	0.490000	 0.51	 0.00	 100000.00	 --NE?	1	0	0	0	
217	463	395	423	192	493	285	629	--DS8	02	 00	 --Ss11	02	 02	 --Rv14	217	 463	 --POPS17	0.80	 0.20	 --M&N20	0.500000	 0.50	 0.00	 100000.00	 --NE?	1	0	0	0	
217	463	398	418	189	494	285	629	--DS8	02	 00	 --Ss11	02	 02	 --Rv14	217	 463	 --POPS17	0.80	 0.20	 --M&N20	0.510000	 0.49	 0.00	 100000.00	 --NE?	1	0	0	0	
217	463	401	413	187	494	285	629	--DS8	02	 00	 --Ss11	02	 02	 --Rv14	217	 463	 --POPS17	0.80	 0.20	 --M&N20	0.520000	 0.48	 0.00	 100000.00	 --NE?	1	0	0	0	
217	463	404	408	185	495	285	629	--DS8	02	 00	 --Ss11	02	 02	 --Rv14	217	 463	 --POPS17	0.80	 0.20	 --M&N20	0.530000	 0.47	 0.00	 100000.00	 --NE?	1	0	0	0	
217	463	407	403	183	496	285	629	--DS8	02	 00	 --Ss11	02	 02	 --Rv14	217	 463	 --POPS17	0.80	 0.20	 --M&N20	0.540000	 0.46	 0.00	 100000.00	 --NE?	1	0	0	0	
217	463	410	398	180	496	285	629	--DS8	02	 00	 --Ss11	02	 02	 --Rv14	217	 463	 --POPS17	0.80	 0.20	 --M&N20	0.550000	 0.45	 0.00	 100000.00	 --NE?	1	0	0	0	
217	463	412	393	178	497	285	629	--DS8	02	 00	 --Ss11	02	 02	 --Rv14	217	 463	 --POPS17	0.80	 0.20	 --M&N20	0.560000	 0.44	 0.00	 100000.00	 --NE?	1	0	0	0	
217	463	415	388	176	497	285	629	--DS8	02	 00	 --Ss11	02	 02	 --Rv14	217	 463	 --POPS17	0.80	 0.20	 --M&N20	0.570000	 0.43	 0.00	 100000.00	 --NE?	1	0	0	0	
217	463	418	383	173	498	285	629	--DS8	02	 00	 --Ss11	02	 02	 --Rv14	217	 463	 --POPS17	0.80	 0.20	 --M&N20	0.580000	 0.42	 0.00	 100000.00	 --NE?	1	0	0	0	
217	463	421	378	171	498	285	629	--DS8	02	 00	 --Ss11	02	 02	 --Rv14	217	 463	 --POPS17	0.80	 0.20	 --M&N20	0.590000	 0.41	 0.00	 100000.00	 --NE?	1	0	0	0	
217	463	423	373	169	499	285	629	--DS8	02	 00	 --Ss11	02	 02	 --Rv14	217	 463	 --POPS17	0.80	 0.20	 --M&N20	0.600000	 0.40	 0.00	 100000.00	 --NE?	1	0	0	0	
217	463	426	367	166	500	285	629	--DS8	02	 00	 --Ss11	02	 02	 --Rv14	217	 463	 --POPS17	0.80	 0.20	 --M&N20	0.610000	 0.39	 0.00	 100000.00	 --NE?	1	0	0	0	
217	463	429	362	164	500	285	629	--DS8	02	 00	 --Ss11	02	 02	 --Rv14	217	 463	 --POPS17	0.80	 0.20	 --M&N20	0.620000	 0.38	 0.00	 100000.00	 --NE?	1	0	0	0	
217	463	431	356	161	501	285	629	--DS8	02	 00	 --Ss11	02	 02	 --Rv14	217	 463	 --POPS17	0.80	 0.20	 --M&N20	0.630000	 0.37	 0.00	 100000.00	 --NE?	1	0	0	0	
217	463	434	351	159	501	285	629	--DS8	02	 00	 --Ss11	02	 02	 --Rv14	217	 463	 --POPS17	0.80	 0.20	 --M&N20	0.640000	 0.36	 0.00	 100000.00	 --NE?	1	0	0	0	
217	463	437	345	156	502	285	629	--DS8	02	 00	 --Ss11	02	 02	 --Rv14	217	 463	 --POPS17	0.80	 0.20	 --M&N20	0.650000	 0.35	 0.00	 100000.00	 --NE?	1	0	0	0	
217	463	439	339	154	503	285	629	--DS8	02	 00	 --Ss11	02	 02	 --Rv14	217	 463	 --POPS17	0.80	 0.20	 --M&N20	0.660000	 0.34	 0.00	 100000.00	 --NE?	1	0	0	0	
217	463	442	334	151	503	285	629	--DS8	02	 00	 --Ss11	02	 02	 --Rv14	217	 463	 --POPS17	0.80	 0.20	 --M&N20	0.670000	 0.33	 0.00	 100000.00	 --NE?	1	0	0	0	
217	463	445	328	148	504	285	629	--DS8	02	 00	 --Ss11	02	 02	 --Rv14	217	 463	 --POPS17	0.80	 0.20	 --M&N20	0.680000	 0.32	 0.00	 100000.00	 --NE?	1	0	0	0	
217	463	447	322	146	504	285	629	--DS8	02	 00	 --Ss11	02	 02	 --Rv14	217	 463	 --POPS17	0.80	 0.20	 --M&N20	0.690000	 0.31	 0.00	 100000.00	 --NE?	1	0	0	0	
217	463	450	316	143	505	285	629	--DS8	02	 00	 --Ss11	02	 02	 --Rv14	217	 463	 --POPS17	0.80	 0.20	 --M&N20	0.700000	 0.30	 0.00	 100000.00	 --NE?	1	0	0	0	
217	463	452	310	140	506	285	629	--DS8	02	 00	 --Ss11	02	 02	 --Rv14	217	 463	 --POPS17	0.80	 0.20	 --M&N20	0.710000	 0.29	 0.00	 100000.00	 --NE?	1	0	0	0	
217	463	455	304	137	506	285	629	--DS8	02	 00	 --Ss11	02	 02	 --Rv14	217	 463	 --POPS17	0.80	 0.20	 --M&N20	0.720000	 0.28	 0.00	 100000.00	 --NE?	1	0	0	0	
217	463	457	298	135	507	285	629	--DS8	02	 00	 --Ss11	02	 02	 --Rv14	217	 463	 --POPS17	0.80	 0.20	 --M&N20	0.730000	 0.27	 0.00	 100000.00	 --NE?	1	0	0	0	
217	463	460	291	132	507	285	629	--DS8	02	 00	 --Ss11	02	 02	 --Rv14	217	 463	 --POPS17	0.80	 0.20	 --M&N20	0.740000	 0.26	 0.00	 100000.00	 --NE?	1	0	0	0	
217	463	463	285	129	508	285	629	--DS8	02	 00	 --Ss11	02	 02	 --Rv14	217	 463	 --POPS17	0.80	 0.20	 --M&N20	0.750000	 0.25	 0.00	 100000.00	 --NE?	1	0	0	0	
217	463	465	278	126	508	285	629	--DS8	02	 00	 --Ss11	02	 02	 --Rv14	217	 463	 --POPS17	0.80	 0.20	 --M&N20	0.760000	 0.24	 0.00	 100000.00	 --NE?	1	0	0	0	
217	463	468	271	123	509	285	629	--DS8	02	 00	 --Ss11	02	 02	 --Rv14	217	 463	 --POPS17	0.80	 0.20	 --M&N20	0.770000	 0.23	 0.00	 100000.00	 --NE?	1	0	0	0	
217	463	470	265	120	510	285	629	--DS8	02	 00	 --Ss11	02	 02	 --Rv14	217	 463	 --POPS17	0.80	 0.20	 --M&N20	0.780000	 0.22	 0.00	 100000.00	 --NE?	1	0	0	0	
217	463	472	258	117	510	285	629	--DS8	02	 00	 --Ss11	02	 02	 --Rv14	217	 463	 --POPS17	0.80	 0.20	 --M&N20	0.790000	 0.21	 0.00	 100000.00	 --NE?	1	0	0	0	
217	463	475	251	113	511	285	629	--DS8	02	 00	 --Ss11	02	 02	 --Rv14	217	 463	 --POPS17	0.80	 0.20	 --M&N20	0.800000	 0.20	 0.00	 100000.00	 --NE?	1	0	0	0	
217	463	477	243	110	511	285	629	--DS8	02	 00	 --Ss11	02	 02	 --Rv14	217	 463	 --POPS17	0.80	 0.20	 --M&N20	0.810000	 0.19	 0.00	 100000.00	 --NE?	1	0	0	0	
217	463	480	236	107	512	285	629	--DS8	02	 00	 --Ss11	02	 02	 --Rv14	217	 463	 --POPS17	0.80	 0.20	 --M&N20	0.820000	 0.18	 0.00	 100000.00	 --NE?	1	0	0	0	
217	463	482	228	103	512	285	629	--DS8	02	 00	 --Ss11	02	 02	 --Rv14	217	 463	 --POPS17	0.80	 0.20	 --M&N20	0.830000	 0.17	 0.00	 100000.00	 --NE?	1	0	0	0	
217	463	485	221	100	513	285	629	--DS8	02	 00	 --Ss11	02	 02	 --Rv14	217	 463	 --POPS17	0.80	 0.20	 --M&N20	0.840000	 0.16	 0.00	 100000.00	 --NE?	1	0	0	0	
217	463	487	213	096	514	285	629	--DS8	02	 00	 --Ss11	02	 02	 --Rv14	217	 463	 --POPS17	0.80	 0.20	 --M&N20	0.850000	 0.15	 0.00	 100000.00	 --NE?	1	0	0	0	
217	463	490	204	092	514	285	629	--DS8	02	 00	 --Ss11	02	 02	 --Rv14	217	 463	 --POPS17	0.80	 0.20	 --M&N20	0.860000	 0.14	 0.00	 100000.00	 --NE?	1	0	0	0	
217	463	492	196	089	515	285	629	--DS8	02	 00	 --Ss11	02	 02	 --Rv14	217	 463	 --POPS17	0.80	 0.20	 --M&N20	0.870000	 0.13	 0.00	 100000.00	 --NE?	1	0	0	0	
217	463	494	187	085	515	285	629	--DS8	02	 00	 --Ss11	02	 02	 --Rv14	217	 463	 --POPS17	0.80	 0.20	 --M&N20	0.880000	 0.12	 0.00	 100000.00	 --NE?	1	0	0	0	
217	463	497	178	080	516	285	629	--DS8	02	 00	 --Ss11	02	 02	 --Rv14	217	 463	 --POPS17	0.80	 0.20	 --M&N20	0.890000	 0.11	 0.00	 100000.00	 --NE?	1	0	0	0	
217	463	499	169	076	517	285	629	--DS8	02	 00	 --Ss11	02	 02	 --Rv14	217	 463	 --POPS17	0.80	 0.20	 --M&N20	0.900000	 0.10	 0.00	 100000.00	 --NE?	1	0	0	0	
217	463	501	159	072	517	285	629	--DS8	02	 00	 --Ss11	02	 02	 --Rv14	217	 463	 --POPS17	0.80	 0.20	 --M&N20	0.910000	 0.09	 0.00	 100000.00	 --NE?	1	0	0	0	
217	463	504	148	067	518	285	629	--DS8	02	 00	 --Ss11	02	 02	 --Rv14	217	 463	 --POPS17	0.80	 0.20	 --M&N20	0.920000	 0.08	 0.00	 100000.00	 --NE?	1	0	0	0	
217	463	506	137	062	518	285	629	--DS8	02	 00	 --Ss11	02	 02	 --Rv14	217	 463	 --POPS17	0.80	 0.20	 --M&N20	0.930000	 0.07	 0.00	 100000.00	 --NE?	1	0	0	0	
217	463	508	126	057	519	285	629	--DS8	02	 00	 --Ss11	02	 02	 --Rv14	217	 463	 --POPS17	0.80	 0.20	 --M&N20	0.940000	 0.06	 0.00	 100000.00	 --NE?	1	0	0	0	
217	463	511	113	051	519	285	629	--DS8	02	 00	 --Ss11	02	 02	 --Rv14	217	 463	 --POPS17	0.80	 0.20	 --M&N20	0.950000	 0.05	 0.00	 100000.00	 --NE?	1	0	0	0	
217	463	513	100	045	520	285	629	--DS8	02	 00	 --Ss11	02	 02	 --Rv14	217	 463	 --POPS17	0.80	 0.20	 --M&N20	0.960000	 0.04	 0.00	 100000.00	 --NE?	1	0	0	0	
217	463	515	085	038	521	285	629	--DS8	02	 00	 --Ss11	02	 02	 --Rv14	217	 463	 --POPS17	0.80	 0.20	 --M&N20	0.970000	 0.03	 0.00	 100000.00	 --NE?	1	0	0	0	
217	463	518	067	030	521	285	629	--DS8	02	 00	 --Ss11	02	 02	 --Rv14	217	 463	 --POPS17	0.80	 0.20	 --M&N20	0.980000	 0.02	 0.00	 100000.00	 --NE?	1	0	0	0	
217	463	520	045	020	522	285	629	--DS8	02	 00	 --Ss11	02	 02	 --Rv14	217	 463	 --POPS17	0.80	 0.20	 --M&N20	0.990000	 0.01	 0.00	 100000.00	 --NE?	1	0	0	0	
217	463	522	000	000	522	285	629	--DS8	02	 00	 --Ss11	02	 02	 --Rv14	217	 463	 --POPS17	0.80	 0.20	 --M&N20	1.000000	 -0.00	 0.00	 100000.00	 --NE?	1	0	0	0	
